4 87 0

0 0 1
0 1 1
0 2 1
0 3 1
0 4 1
0 5 1
0 6 1
0 7 1
0 8 1
0 9 1
0 a 2
0 b 2
0 c 2
0 d 2
0 e 2
0 f 2
0 g 2
0 h 2
0 i 2
0 j 2
0 k 2
0 l 2
0 m 2
0 n 2
0 o 2
0 p 2
0 q 2
0 r 2
0 s 2
0 t 2
0 u 2
0 v 2
0 x 2
0 w 2
0 y 2
0 z 2
0 { 3
0 } 3
0 ( 3
0 ) 3
0 ; 3
1 0 1
1 1 1
1 2 1
1 3 1
1 4 1
1 5 1
1 6 1
1 7 1
1 8 1
1 9 1
2 0 2
2 1 2
2 2 2
2 3 2
2 4 2
2 5 2
2 6 2
2 7 2
2 8 2
2 9 2
2 a 2
2 b 2
2 c 2
2 d 2
2 e 2
2 f 2
2 g 2
2 h 2
2 i 2
2 j 2
2 k 2
2 l 2
2 m 2
2 n 2
2 o 2
2 p 2
2 q 2
2 r 2
2 s 2
2 t 2
2 u 2
2 v 2
2 x 2
2 w 2
2 y 2
2 z 2

1 2 3
